 0.00000000e+00 -9.95355174e-01
 8.86666667e-02 -4.92796852e+00
 1.77333333e-01 -2.34467209e+01
 2.66000000e-01 -3.43921545e+01
 3.54666667e-01 -2.54675108e+01
 4.43333333e-01  4.05632228e+00
 5.32000000e-01  4.35599870e+01
 6.20666667e-01  7.31516970e+01
 7.09333333e-01  6.72382274e+01
 7.98000000e-01 -9.99979854e-01
 7.98000000e-01 -1.00000000e+00
 9.31555556e-01 -9.99465006e-01
 1.06511111e+00 -9.55078634e-01
 1.19866667e+00 -3.66792505e-01
 1.33222222e+00  4.99629675e-01
 1.46577778e+00 -4.03284685e-01
 1.59933333e+00 -9.60107110e-01
 1.73288889e+00 -9.99551950e-01
 1.86644444e+00 -9.99999313e-01
 2.00000000e+00 -1.00000010e+00
